实战课程发布 —— 满满的干货《L06 Laravel 教程 - 电商进阶》,"[进度 20％]
                                            
                    
                    
                    

                    JSON 格式的 Laravel 翻译文件",接入 paypal PHP-sdk 的流程,后端开发：如何写出可靠的接口,给大家分享个小故事，你知道唐僧的由来吗？,[求职][成都] 能用 PHP/Node 写后端，前端 React 和 Vue 都能上，寻一个机会,为什么实现了接口的类需要在 provider 里绑定，直接在使用的地方注入不也一样吗？,编写具有描述性的 RESTful API (二): 推荐与 Observer,手摸手教你让 Laravel 开发 API 更得心应手,画江湖之面试篇 [第四篇] tip:有些事情不去亲自去经历～很难明白里面的道理～代码也如此～要多敲,浅析 Laravel 官方文档推荐的 Nginx 配置,编写具有描述性的 RESTful API (四): 通知系统,分享一些好用的资源（扩展、接口、网站）,如何在 Laravel 中测试文件上传？,轻松部署 Laravel 应用 | 《14. 代码更新时的注意事项》,Laravel  集合的 “tap” 方法,终于能用 Docker 搭建一套自己的环境了（dnmp）,如何利用 Redis 快速实现签到统计功能,教程：Laravel 集合（Collection）的基础用法,Laravel Artisan 命令大全,[深圳，北京，厦门] 久趣英语招中、高级 PHP（15k～45k）【急招】,【面试题】array_merge 和 array+ 的区别,crontab 每隔 1 小时 2 小时的执行 job 写法,快捷地集成极光推送（JPush）到 Laravel 项目中,[教程] Laravel 集合的 “when” 方法,小白折腾服务器（七）：自定义接口错误响应格式,画江湖之 PHP 多进程开发 【监控子进程防止意外中断】,画江湖之 PHP 多进程开发 【创建一个新的进程】,以动画的方式，快速直观地查看 Git 文件变动历史,轻松部署 Laravel 应用 | 《13. 更新与回滚》,萌芽科技招工程师：全职上班、远程全职、远程兼职。坐标：北京、山东淄博,设计模式超级简单的解释,ARTS 挑战（第二周）,轻松部署 Laravel 应用 | 《11. 安全加固 - 避免使用根用户》,Laravel 登录和注册：一段时间内自动登录,Cookie 禁用了，Session 还能用吗？,Trait 的使用,Laravel 第三方登录之 qq,swoole 邮件系统,[求职][远程] 求一个 Web 全栈远程开发工作,Laravel + jscroll 真的只要 10 行代码就可以实现无限加载,头像自动生成
